770628
763204
710732
310624
310635
741446
710881
763232
710714
718128
754809
770725
759054
747648
761815
792333
15143
755106
770712
761826
723373
711267
751245
747714
717777
778339
710718
718210
370765
720556
749331
334555
721941
751674
440824
761825
720640
755172
792336
761838
441560
717970
720500
741323
740266
746196
440835
749496
748044
748605
310626
739940
759060
761821
698693
770074
717646
722737
754974
796430
754380
748671
702300
15127
755073
711103
789807
368489
334526
711056
710844
702161
754842
760430
748803
747285
711003
325047
796482
723067
441549
759044
711028
770634
718547
756266
770562
702150
756291
750618
910475
698709
334536
760443
770677
759067
717506
796438
754512
447316
370909
702291
749562
754116
738941
760439
755733
698728
203948
698712
760429
711190
629669
717794
710761
761806
746493
717817
371176
753918
747483
748308
711308
711164
750915
752499
718345
718381
741491
778211
752268
203939
368345
702244
334524
759068
718543
760456
761829
1588
702286
463387
739280
789799
698702
761822
711215
722417
778275
698685
747153
203945
748011
722513
756286
463388
770695
463368
698688
1470
764602
441545
741368
720520
764598
711285
751938
702196
717854
750783
717791
710719
770690
756267
761810
764591
630477
739937
702254
796422
717779
910476
739933
757657
757670
718544
710872
759056
750057
750321
754875
711064
763209
702195
741218
1566
720576
711186
741222
701377
792324
711320
770666
746460
368756
717967
698727
697770
755568
723454
723369
759072
753423
751443
796526
710759
710824
720572
295732
723034
710843
668902
194108
698704
739606
770726
770717
723374
770699
697772
749199
759071
710813
441577
770558
770724
759037
759066
710773
764597
761813
760442
447619
910474
723333
747615
761820
759042
334518
15129
710855
720568
710888
371057
770698
752070
738347
748110
698723
711668
711223
723168
194109
711054
749892
711005
629676
718496
770728
723368
334558
770681
747384
711127
440822
757688
755304
630470
754479
718305
711174
702235
702304
711181
441562
718143
717425
440825
789796
739610
755535
753291
711087
760437
701396
710809
334523
701383
764610
698692
770631
749001
717953
753258
770676
203949
717426
334557
698697
738413
796466
717465
630478
711170
753225
749661
711070
770661
722641
755271
701380
751839
368203
194119
370913
368753
763231
761846
702147
203956
325051
370624
764586
756280
711059
751179
770693
755898
718948
370623
310618
770655
746361
770534
702233
698710
720628
194104
701394
440837
755766
463385
770625
741367
722865
763228
753027
763218
368633
370767
770721
770656
710961
711115
717507
770595
751773
15139
757677
698707
711275
629665
761828
722966
463377
702250
789800
717602
722289
440842
755469
778467
763205
759045
697742
770715
789788
770613
760432
710810
770535
764611
770619
770601
749397
759046
721907
371055
778371
761811
751707
368635
723300
711160
310616
698713
702301
720516
764599
759055
371056
753951
755964
753588
711020
629672
770682
763198
697769
763225
718307
770540
15148
750651
759065
710713
718350
760438
739205
722965
697764
796514
310622
702298
698689
751971
770704
710830
746757
752928
791750
756287
770555
310627
750354
718206
702303
749793
447651
750519
760426
702159
796390
629679
757687
770569
748473
764614
463373
441551
206150
15132
738842
764587
756285
630476
770544
194116
796266
206153
710840
711156
759052
702251
761823
710765
754017
763191
702160
711046
310634
718034
756269
796394
629662
747780
739279
702194
910483
746955
754347
756282
796286
763199
764607
720504
710705
15131
740710
789797
789791
710901
702238
711280
748407
441558
792326
15149
441544
702148
711227
370621
310620
718541
753489
440820
770640
739272
721873
770696
770688
717677
796310
697788
770618
463381
194118
739106
753159
440826
702283
764582
763212
447156
757660
757668
629670
448334
370622
741408
711091
754083
203967
789780
710953
723033
763217
702305
770552
723234
746163
764601
770604
770138
440838
698711
757652
463369
761830
796426
310630
711006
770560
753852
710905
761817
759048
764592
741930
759062
717601
740267
629666
718506
722932
702257
750849
723101
747219
702294
759047
770533
15144
15155
133425
796378
710746
206156
770622
702199
753753
723619
698720
711062
796478
629661
717778
746097
747582
756268
441541
757675
754149
752004
698691
750717
778083
738677
194106
760459
203936
711149
629671
770658
755337
696790
701387
717600
711128
203941
697767
796306
764609
770564
770567
746394
760431
717784
310625
750420
711177
746988
764608
748176
910478
722801
310637
447154
740263
722449
792338
770723
752631
723135
770646
770550
770616
789802
763200
718174
770648
756271
334525
463380
741181
711764
696854
740488
747846
447155
752136
701382
739172
739274
757686
755205
325049
718516
759034
764580
748572
711033
748638
710789
710702
796506
720596
720620
629680
722705
791761
310628
759049
738182
750552
447477
334527
463384
334519
698694
770565
755931
756063
748737
796410
759059
764616
738248
194113
749925
756264
718304
368637
750816
748704
759061
720536
711175
203946
325048
702241
770654
447474
15157
759035
723420
441542
711073
741733
739277
717858
738479
760447
746691
718953
668904
796362
756302
770705
778243
310638
761844
755007
741259
750222
770615
752202
697771
754710
720608
368876
756284
796498
702200
710861
698724
701378
325044
717427
702186
740714
764584
710836
711159
711319
791758
203950
741291
739936
711122
15136
203960
702248
752532
629664
718309
739040
630461
770638
717608
770627
756300
717993
741765
759064
752037
711182
711219
751542
760423
754677
702290
629667
697820
748539
741614
741364
747549
791757
711123
720524
718030
749034
770579
711154
770234
770541
447475
194105
752994
763210
717853
717952
182022
791762
630472
722609
702205
770657
334540
738644
740487
764596
754908
741696
711281
203940
750585
770837
748968
711044
770587
697773
760454
702203
759036
770660
325050
698682
698705
15145
718029
796434
770583
757655
717502
741651
752895
370770
770635
789782
701398
710994
440833
741405
757650
720580
770557
203965
698716
770716
757662
756277
738545
748902
710833
763201
760419
770266
720564
206151
698686
698706
770572
741531
796374
368346
763211
722577
702239
770585
702152
749166
796274
749595
630483
796318
710832
698681
740713
702242
755832
739278
194111
764606
740261
770653
194121
702190
630468
440819
334534
698726
194115
760421
702236
757648
711053
203959
741927
751641
796258
764585
796262
711195
756273
711110
753555
717618
722898
741221
702293
770591
796322
770623
371175
770598
763213
740715
718211
15160
747318
755370
754611
792323
1597
770624
702158
723102
723000
796290
764594
370766
710856
756296
203954
325043
701384
761805
748209
760448
761814
698696
698698
760435
770630
749727
711017
711124
371294
717439
789778
310639
702306
770532
789790
629678
741409
770561
702240
764613
203943
368348
702289
371295
747681
718949
702285
789795
702243
463378
770649
757653
368490
748506
741929
741180
757649
741797
630466
792335
698722
749958
698687
789783
760451
325042
770683
710709
753654
763208
711051
741928
720584
750882
702202
741327
630482
770298
747813
796366
697762
371053
746790
717822
747186
764604
770664
718129
15146
796494
739007
310619
698700
759040
770542
764583
295722
764577
760433
755667
738974
710724
208076
702139
630473
711038
334528
760446
717432
720532
702145
440823
755238
759070
316532
711155
711138
770549
440821
756290
760420
791751
770706
710758
796270
710987
770568
792325
740262
711157
371297
740265
711036
702245
702191
770678
334549
310636
741177
752763
792332
789787
702146
770545
756262
334537
740491
791754
770668
711283
133168
370625
702288
760452
752862
334554
698731
770713
757667
761835
711014
722931
15128
710814
710710
463386
702198
448336
796518
739073
630480
702185
371174
717998
718518
711147
752466
720512
756270
718306
702255
770629
770675
778147
206147
463389
723201
698718
710720
194120
711134
759057
759051
770684
15135
770605
303259
770592
750486
717683
440818
770556
718146
718504
630469
796346
710756
754776
711079
15140
761831
770669
710870
440816
741449
749991
796334
770727
764615
757661
792331
764605
738611
718130
702142
748440
770672
702201
710971
764579
710852
711088
752796
763193
763221
796386
711034
334550
463370
760441
711166
1418
770639
441548
749100
749628
738743
310621
751113
791759
739602
702193
755139
711019
770667
760436
770674
723421
756272
753621
15161
796490
720604
711184
741569
754413
718498
722257
792339
763230
770673
702156
770594
295739
751476
763197
770530
741829
796246
770620
718950
702140
748935
753786
740711
668905
702246
763229
368874
770611
749067
751410
754644
295746
15156
207044
750684
717442
440817
792329
770042
711032
791755
720600
791756
710750
698684
757656
789794
720508
698708
748770
740485
770609
370626
761812
203937
440832
310641
206157
702151
757659
718169
756299
755436
722481
334538
698690
754248
741613
770546
711024
770580
334547
710841
710699
757663
738512
718387
718482
752169
746856
770670
756298
756294
722385
717678
746658
711193
133685
796510
757682
720540
1536
759073
711277
789792
710960
711067
203932
796522
770581
747879
770537
721975
206154
747747
741573
447314
761807
711636
763202
697759
756289
754281
368205
770571
760424
753819
749859
748869
722009
796342
756274
747450
739938
334532
796458
770710
751509
757647
770584
739931
206786
194117
761837
778179
752829
203935
770606
702157
760434
763227
194114
1603
761834
796294
710706
755865
753687
710967
751905
710925
697765
755040
710753
717424
15158
750255
720636
722999
770602
770531
741931
698699
770603
711114
770719
761809
15163
757664
710845
796326
370911
752334
763222
749463
739276
751806
720647
753456
761808
747120
710879
747978
761836
310623
760457
15162
749826
723367
764612
718947
718952
789798
740490
764581
203964
203966
757681
764578
910477
1512
789806
754314
770570
710777
722353
720528
629673
752400
738281
203958
761819
710969
910481
15147
441550
697774
789789
750981
760444
770714
761843
770610
770697
749694
629683
750189
697711
770665
717781
753324
796454
739139
720544
756261
752103
796398
710995
910473
697761
710850
791753
702208
702154
789804
702287
723366
739939
749430
702144
723375
749760
756030
764603
796354
770607
203963
770612
702284
441561
751146
796250
760450
702188
710774
701390
764590
368347
15138
463367
770645
770652
747351
630459
763195
334552
463372
718035
15130
207818
739605
701391
710827
325045
702141
752730
746823
702207
750948
701397
764593
629677
698725
751278
753390
368877
441557
748374
723068
770553
753984
763194
770106
753192
759043
66426
15150
711309
770633
757665
738215
368349
747945
789793
710703
738578
717429
796462
370769
754446
710846
698701
770573
739275
718546
752367
696791
770578
770621
770662
759033
789786
711072
203962
778435
748242
746295
711274
334521
770691
710701
203934
763224
723267
741572
756283
756292
718492
796282
710737
741528
770651
757673
741654
310640
759074
710700
630463
334551
770538
702206
770650
368634
711081
463383
702237
702187
206148
763192
711011
746328
741926
368201
757685
718131
770010
763219
722545
763196
711732
701372
370910
770574
770582
711075
710829
770647
760455
717615
334522
752301
722673
739607
760425
747252
770577
710963
791749
371177
757654
741450
763226
759058
761832
463390
770575
371173
770589
748275
697763
770709
796402
718133
796298
754215
334556
718386
702295
753522
770689
759041
702299
334520
697768
764617
702302
746922
441546
789779
760453
764595
770632
717776
755403
739932
756265
754545
761818
711043
747021
441555
711015
711239
756278
720552
702155
755799
441554
702307
770202
310617
710863
770636
764600
325046
711027
718545
698730
752961
630467
711161
629663
368350
701381
710835
702149
334533
711301
757669
325040
701395
746427
796446
770718
770686
748143
910479
770596
756195
756293
368494
295726
203944
698715
723371
717501
711146
368636
710867
770702
15154
770643
751344
755634
698729
447476
770694
710729
629668
720592
747417
370914
629682
441543
738380
770659
792330
740712
763203
203933
763220
796486
753060
717955
754578
440830
770720
741692
701392
756301
796338
702253
629675
182026
739603
717954
702292
770586
702153
739608
710745
750750
15134
441553
778403
750090
698703
710876
749232
756228
723487
796534
756276
741695
770679
630481
746559
711083
752598
760422
740486
770536
630460
764618
702189
770729
711029
749529
739601
630471
757651
770685
756263
710697
711198
207560
723520
720588
747054
334529
738809
763207
710966
701385
371293
756295
796406
756297
370768
711144
718319
770543
770547
757679
753093
760449
334535
710730
717682
711013
310629
752565
702247
710739
738776
759053
698683
310631
751047
755700
710726
791747
447315
15133
770701
711150
698719
447478
696855
760460
440829
717960
722043
629681
770692
295729
371054
206159
720624
710722
739273
711143
751311
711016
717957
761841
447683
746592
756129
796314
770663
761845
796502
370912
710847
368757
778115
756162
796330
206152
15153
770687
760445
720632
746625
718136
711173
701388
738908
710786
796358
710808
710769
334553
752697
15159
757674
747087
310632
739935
441556
750024
630465
334539
630475
757676
910482
738314
711063
739604
770642
66442
751608
698695
720560
770617
761824
761833
796418
717605
755997
757666
770593
789801
711700
194110
789784
792327
710767
760440
751575
702256
441559
910484
770599
770722
757684
770637
739271
761839
740709
718480
753720
757671
206149
718382
746526
718951
770711
770576
741487
757678
770700
757680
463376
761840
770548
770671
751014
629674
752664
441547
741532
702192
711040
764589
463374
334548
770554
698721
722769
630462
796302
368202
702204
750288
763214
741925
702252
723553
749298
756275
753126
738446
738710
702296
723586
756281
710859
629660
368873
368754
740489
761827
447318
710800
711023
711169
310633
718322
756279
722833
760458
463379
748077
750453
754182
441552
756096
702297
710796
203951
368491
763216
702197
746724
753357
448335
710884
747516
759063
447157
791752
710801
710860
711317
697760
717470
710740
770641
751740
194103
796442
761816
629659
440831
791760
206155
749265
791746
741655
746229
447567
770559
723372
760428
796350
207302
759069
701399
757672
630479
757683
770563
789805
710748
792322
770608
697766
753885
796530
749133
738875
760427
778307
710742
295718
748341
440834
203955
770170
796382
711100
718494
701386
770614
203947
15137
440828
718205
711141
368875
789781
739934
15141
759038
717859
759050
440836
368492
710820
748836
789785
206146
750387
770597
718542
910480
295750
789803
740264
770626
203957
770539
203961
710749
1367
203952
702249
791748
796414
203938
722321
792334
701379
754941
796470
751080
710913
371296
368755
755601
755502
796474
741326
756288
720616
796450
770566
764588
770707
194112
334531
791763
194107
792337
717641
751377
463375
796370
752235
366757
761842
778499
334530
741490
710842
746889
750123
710868
751872
718312
15142
763215
741610
325041
751212
447317
770703
770551
463382
752433
316496
710715
796254
763206
759039
701393
463371
203942
368206
702234
711202
203953
710909
739238
750156
630464
763223
770644
723370
447158
702143
747912
368493
206158
697743
668903
701389
749364
711060
754050
739609
698714
754743
770708
746130
770680
368204
770600
770590
792328
770588
711158
746262
757658
630474
720548
796278
717603
